1 10
2 21
3 24
4 28
5 29
6 32
7 35
8 42
9 43
10 55
11 68
12 83
13 90
14 96
15 106
16 109
17 116
18 125
19 130
20 132
21 137
22 139
23 146
24 151
25 153
26 179
27 197
28 214
29 218
30 220
31 221
32 225
33 231
34 240
35 241
36 242
37 246
38 312
39 316
40 319
41 321
42 324
43 328
44 329
45 330
46 333
47 336
48 338
49 341
50 345
51 386
52 397
53 407
54 410
55 412
56 426
57 439
58 442
59 462
60 470
61 476
62 477
63 491
64 502
65 503
66 508
67 515
68 524
69 543
70 563
71 567
72 569
73 576
74 595
75 596
76 603
77 608
78 622
79 641
80 683
81 690
82 692
83 751
84 753
85 794
86 807
87 837
88 839
89 879
90 881
91 882
92 896
93 897
94 921
95 970
96 995
97 998
98 1006
99 1008
100 1034
101 1048
102 1057
103 1066
104 1073
105 1109
106 1173
107 1191
108 1203
109 1206
110 1230
111 1266
112 1287
113 1290
114 1299
115 1308
116 1316
117 1317
118 1338
119 1340
120 1355
121 1359
122 1392
123 1401
124 1403
125 1422
126 1434
127 1441
128 1463
129 1469
130 1472
131 1478
132 1492
133 1500
134 1508
135 1531
136 1539
137 1548
138 1581
139 1611
140 1623
141 1629
142 1654
143 1663
144 1669
145 1680
146 1682
147 1683
148 1729
149 1750
150 1756
151 1758
152 1767
153 1769
154 1775
155 1780
156 1790
157 1792
158 1829
159 1844
160 1868
161 1886
162 1889
163 1908
164 1909
165 1910
166 1925
167 1936
168 1942
169 1943
170 1946
171 1954
172 1966
173 2009
174 2056
175 2058
176 2091
177 2094
178 2104
179 2117
180 2143
181 2150
182 2183
183 2193
184 2217
185 2218
186 2220
187 2222
188 2226
189 2245
190 2260
191 2264
192 2293
193 2297
194 2324
195 2350
196 2353
197 2354
198 2395
199 2409
200 2417
201 2418
202 2419
203 2420
204 2421
205 2439
206 2468
207 2520
208 2524
209 2538
210 2541
211 2547
212 2548
213 2575
214 2585
215 2607
216 2622
217 2638
218 2660
219 2681
220 2682
221 2684
222 2688
223 2692
224 2731
225 2748
226 2750
227 2757
228 2765
229 2773
230 2774
231 2822
232 2825
233 2826
234 2835
235 2850
236 2857
237 2881
238 2896
239 2916
240 2917
241 2922
242 2923
243 2942
244 2951
245 2954
246 2987
247 2989
248 2990
249 2991
250 2993
251 2994
252 3000
253 3021
254 3026
255 3029
256 3052
257 3081
258 3090
259 3097
260 3098
261 3123
262 3126
263 3148
264 3163
265 3179
266 3197
267 3200
268 3201
269 3210
270 3213
271 3233
272 3251
273 3258
274 3287
275 3290
276 3320
277 3329
278 3342
279 3354
280 3370
281 3378
282 3386
283 3391
284 3392
285 3393
286 3432
287 3437
288 3463
289 3490
290 3498
291 3534
292 3539
293 3545
294 3547
295 3574
296 3589
297 3613
298 3618
299 3637
300 3652
301 3661
302 3674
303 3721
304 3734
305 3737
306 3740
307 3754
308 3764
309 3776
310 3778
311 3781
312 3783
313 3788
314 3805
315 3811
316 3826
317 3834
318 3835
319 3850
320 3856
321 3857
322 3865
323 3871
324 3926
325 3935
326 3952
327 3969
328 3976
329 4021
330 4026
331 4031
332 4044
333 4066
334 4089
335 4091
336 4165
337 4178
338 4234
339 4248
340 4255
341 4259
342 4292
343 4296
344 4304
345 4305
346 4311
347 4319
348 4329
349 4335
350 4349
351 4356
352 4375
353 4388
354 4429
355 4435
356 4436
357 4438
358 4454
359 4475
360 4496
361 4513
362 4521
363 4533
364 4547
365 4550
366 4559
367 4573
368 4599
369 4608
370 4609
371 4611
372 4687
373 4691
374 4735
375 4737
376 4740
377 4750
378 4752
379 4797
380 4805
381 4808
382 4822
383 4840
384 4863
385 4867
386 4869
387 4870
388 4897
389 4936
390 4937
391 4940
392 4947
393 4951
394 4965
395 5002
396 5013
397 5016
398 5038
399 5039
400 5041
401 5067
402 5083
403 5085
404 5097
405 5133
406 5156
407 5179
408 5188
409 5209
410 5234
411 5265
412 5281
413 5282
414 5297
415 5309
416 5325
417 5331
418 5333
419 5347
420 5354
421 5360
422 5368
423 5399
424 5416
425 5439
426 5461
427 5479
428 5484
429 5496
430 5521
431 5523
432 5651
433 5813
434 5982
435 6557
436 8359
437 8463
438 8576
439 8745
440 8809
441 9082
442 9531
443 9541
444 9620
445 9666
446 9764
447 9784
448 9809
449 9810
450 9818
451 9828
452 9829
453 10121
454 10122
455 10128
456 10646
457 10650
458 10675
459 10737
460 10739
461 10741
462 10758
463 10765
464 10776
465 10800
466 10912
467 10955
468 11741
469 11763
470 11794
471 11806
472 11808
473 11811
474 11814
475 11838
476 11857
477 11948
478 11963
479 12978
480 13088
481 13108
482 13200
483 13335
484 13704
485 13757
486 13899
487 13983
488 14061
489 14118
490 14485
491 14849
492 15814
493 15837
494 15893
495 15999
496 16133
497 16136
498 16149
499 16150
500 16262
501 16415
502 16475
503 16508
504 16615
505 16624
506 16625
507 16660
508 16707
509 16725
510 16726
511 16844
512 16882
513 16942
514 16960
515 16963
516 17023
517 17083
518 17094
519 17095
520 17099
521 17408
522 17519
523 17675
524 17885
525 17891
526 18169
527 18232
528 18529
529 18543
530 18553
531 18700
532 18732
533 18825
534 18828
535 18944
536 18946
537 19016
538 19305
539 19676
540 1
541 2
542 3
543 4
544 5
545 6
546 7
547 8
548 9
549 10
550 11
551 12
552 15
553 16
554 18
555 21
556 27
557 29
558 30
559 31
560 32
561 33
562 37
563 40
564 41
565 45
566 49
567 50
568 54
569 55
570 56
571 58
572 60
573 67
574 68
575 69
576 70
577 72
578 73
579 75
580 78
581 79
582 87
583 90
584 94
585 100
586 106
587 108
588 109
589 111
590 112
591 113
592 115
593 117
594 119
595 120
596 121
597 122
598 127
599 128
600 132
601 133
602 135
603 136
604 140
605 141
606 143
607 144
608 146
609 147
610 148
611 152
612 154
613 155
614 156
615 160
616 161
617 162
618 164
619 166
620 168
621 169
622 170
623 172
624 173
625 174
626 175
627 176
628 177
629 178
630 179
631 182
632 183
633 184
634 187
635 188
636 189
637 190
638 192
639 193
640 196
641 200
642 202
643 209
644 210
645 211
646 216
647 220
648 221
649 222
650 224
651 225
652 230
653 231
654 233
655 234
656 235
657 236
658 237
659 238
660 239
661 240
662 243
663 244
664 245
665 246
666 247
667 248
668 249
669 252
670 253
671 260
672 262
673 263
674 264
675 266
676 267
677 268
678 269
679 270
680 273
681 275
682 276
683 277
684 280
685 286
686 287
687 290
688 291
689 293
690 295
691 296
692 298
693 299
694 302
695 304
696 309
697 310
698 337
699 338
700 339
701 340
702 341
703 342
704 344
705 345
706 346
707 347
708 348
709 349
710 350
711 351
712 352
713 353
714 355
715 356
716 362
717 364
718 371
719 373
720 374
721 382
722 400
723 410
724 415
725 416
726 421
727 428
728 430
729 432
730 433
731 435
732 438
733 439
734 441
735 442
736 446
737 448
738 453
739 455
740 458
741 460
742 462
743 465
744 467
745 468
746 469
747 472
748 478
749 481
750 488
751 490
752 491
753 492
754 494
755 495
756 497
757 498
758 499
759 502
760 503
761 507
762 508
763 514
764 515
765 517
766 519
767 520
768 521
769 522
770 523
771 529
772 531
773 532
774 533
775 534
776 535
777 537
778 540
779 541
780 547
781 548
782 552
783 579
784 580
785 582
786 585
787 586
788 591
789 596
790 599
791 600
792 601
793 603
794 605
795 607
796 608
797 609
798 610
799 612
800 618
801 619
802 625
803 628
804 629
805 630
806 631
807 632
808 634
809 635
810 636
811 637
812 638
813 640
814 641
815 642
816 643
817 644
818 645
819 646
820 647
821 649
822 651
823 652
824 653
825 655
826 656
827 657
828 658
829 659
830 660
831 662
832 663
833 664
834 665
835 666
836 668
837 669
838 671
839 674
840 675
841 676
842 679
843 680
844 685
845 687
846 688
847 691
848 693
849 699
850 707
851 708
852 709
853 711
854 715
855 718
856 719
857 721
858 722
859 724
860 726
861 728
862 729
863 730
864 733
865 734
866 737
867 738
868 742
869 743
870 746
871 772
872 794
873 797
874 799
875 800
876 804
877 813
878 820
879 827
880 838
881 877
882 879
883 880
884 881
885 883
886 886
887 888
888 890
889 891
890 893
891 894
892 897
893 898
894 900
895 901
896 906
897 907
898 908
899 910
900 912
901 915
902 916
903 917
904 918
905 920
906 921
907 922
908 923
909 924
910 927
911 929
912 930
913 932
914 933
915 937
916 943
917 944
918 946
919 948
920 949
921 951
922 952
923 953
924 957
925 958
926 959
927 960
928 967
929 970
930 973
931 974
932 976
933 977
934 979
935 984
936 985
937 986
938 988
939 990
940 994
941 995
942 999
943 1001
944 1004
945 1005
946 1013
947 1016
948 1020
949 1026
950 1028
951 1031
952 1032
953 1033
954 1035
955 1036
956 1037
957 1038
958 1042
959 1043
960 1044
961 1050
962 1051
963 1052
964 1053
965 1054
966 1055
967 1056
968 1057
969 1058
970 1059
971 1063
972 1064
973 1065
974 1066
975 1070
976 1072
977 1074
978 1075
979 1077
980 1078
981 1079
982 1080
983 1081
984 1082
985 1084
986 1094
987 1097
988 1102
989 1103
990 1104
991 1105
992 1106
993 1107
994 1109
995 1110
996 1111
997 1112
998 1113
999 1114
1000 1116
1001 1117
1002 1118
1003 1119
1004 1120
1005 1121
1006 1122
1007 1127
1008 1128
1009 1130
1010 1132
1011 1136
1012 1138
1013 1140
1014 1141
1015 1143
1016 1144
1017 1145
1018 1147
1019 1149
1020 1152
1021 1153
1022 1154
1023 1157
1024 1162
1025 1165
1026 1166
1027 1169
1028 1173
1029 1175
1030 1176
1031 1177
1032 1180
1033 1182
1034 1183
1035 1186
1036 1187
1037 1190
1038 1191
1039 1193
1040 1194
1041 1196
1042 1197
1043 1198
1044 1200
1045 1202
1046 1203
1047 1205
1048 1206
1049 1208
1050 1209
1051 1212
1052 1213
1053 1214
1054 1216
1055 1218
1056 1219
1057 1220
1058 1222
1059 1223
1060 1225
1061 1226
1062 1227
1063 1229
1064 1230
1065 1231
1066 1236
1067 1242
1068 1243
1069 1246
1070 1247
1071 1250
1072 1251
1073 1252
1074 1253
1075 1262
1076 1264
1077 1265
1078 1268
1079 1270
1080 1273
1081 1274
1082 1276
1083 1277
1084 1278
1085 1279
1086 1280
1087 1285
1088 1289
1089 1309
1090 1313
1091 1320
1092 1321
1093 1322
1094 1323
1095 1324
1096 1330
1097 1335
1098 1344
1099 1350
1100 1352
1101 1353
1102 1354
1103 1356
1104 1359
1105 1360
1106 1361
1107 1367
1108 1371
1109 1374
1110 1376
1111 1382
1112 1386
1113 1399
1114 1403
1115 1405
1116 1408
1117 1409
1118 1412
1119 1415
1120 1416
1121 1417
1122 1418
1123 1423
1124 1435
1125 1438
1126 1439
1127 1441
1128 1446
1129 1448
1130 1450
1131 1451
1132 1452
1133 1453
1134 1454
1135 1455
1136 1456
1137 1458
1138 1459
1139 1460
1140 1461
1141 1462
1142 1463
1143 1464
1144 1465
1145 1468
1146 1469
1147 1470
1148 1472
1149 1473
1150 1474
1151 1475
1152 1476
1153 1479
1154 1480
1155 1482
1156 1486
1157 1488
1158 1489
1159 1490
1160 1501
1161 1505
1162 1506
1163 1508
1164 1509
1165 1510
1166 1511
1167 1512
1168 1514
1169 1515
1170 1517
1171 1519
1172 1520
1173 1524
1174 1525
1175 1526
1176 1528
1177 1529
1178 1531
1179 1534
1180 1536
1181 1538
1182 1539
1183 1545
1184 1546
1185 1550
1186 1551
1187 1553
1188 1555
1189 1558
1190 1561
1191 1562
1192 1563
1193 1567
1194 1569
1195 1579
1196 1582
1197 1584
1198 1587
1199 1588
1200 1590
1201 1594
1202 1596
1203 1602
1204 1605
1205 1606
1206 1609
1207 1610
1208 1611
1209 1612
1210 1613
1211 1617
1212 1625
1213 1626
1214 1627
1215 1628
1216 1629
1217 1633
1218 1634
1219 1636
1220 1637
1221 1638
1222 1639
1223 1645
1224 1646
1225 1647
1226 1649
1227 1651
1228 1652
1229 1654
1230 1655
1231 1656
1232 1657
1233 1658
1234 1659
1235 1662
1236 1663
1237 1665
1238 1675
1239 1676
1240 1678
1241 1679
1242 1682
1243 1685
1244 1688
1245 1689
1246 1691
1247 1693
1248 1694
1249 1695
1250 1696
1251 1699
1252 1701
1253 1706
1254 1715
1255 1721
1256 1722
1257 1723
1258 1724
1259 1726
1260 1728
1261 1729
1262 1735
1263 1737
1264 1738
1265 1739
1266 1741
1267 1742
1268 1743
1269 1745
1270 1746
1271 1754
1272 1755
1273 1759
1274 1760
1275 1761
1276 1762
1277 1764
1278 1767
1279 1771
1280 1772
1281 1773
1282 1774
1283 1776
1284 1779
1285 1780
1286 1783
1287 1785
1288 1786
1289 1789
1290 1792
1291 1793
1292 1794
1293 1795
1294 1796
1295 1797
1296 1798
1297 1800
1298 1801
1299 1802
1300 1804
1301 1807
1302 1808
1303 1813
1304 1814
1305 1815
1306 1816
1307 1818
1308 1819
1309 1820
1310 1821
1311 1822
1312 1824
1313 1825
1314 1826
1315 1829
1316 1830
1317 1831
1318 1834
1319 1835
1320 1836
1321 1837
1322 1838
1323 1839
1324 1840
1325 1842
1326 1845
1327 1846
1328 1847
1329 1848
1330 1850
1331 1851
1332 1852
1333 1853
1334 1854
1335 1855
1336 1856
1337 1858
1338 1863
1339 1865
1340 1866
1341 1867
1342 1869
1343 1871
1344 1879
1345 1881
1346 1884
1347 1885
1348 1887
1349 1889
1350 1892
1351 1895
1352 1897
1353 1903
1354 1904
1355 1905
1356 1908
1357 1909
1358 1910
1359 1918
1360 1923
1361 1925
1362 1926
1363 1930
1364 1932
1365 1941
1366 1943
1367 1944
1368 1946
1369 1948
1370 1949
1371 1950
1372 1951
1373 1952
1374 1953
1375 1956
1376 1957
1377 1958
1378 1959
1379 1960
1380 1961
1381 1963
1382 1965
1383 1968
1384 1969
1385 1970
1386 1971
1387 1972
1388 1975
1389 1977
1390 1978
1391 1979
1392 1980
1393 1981
1394 1983
1395 1984
1396 1985
1397 1986
1398 1987
1399 1989
1400 1990
1401 1991
1402 1992
1403 1993
1404 1994
1405 1995
1406 1997
1407 1998
1408 1999
1409 2000
1410 2001
1411 2002
1412 2003
1413 2004
1414 2005
1415 2006
1416 2009
1417 2011
1418 2030
1419 2042
1420 2048
1421 2050
1422 2051
1423 2053
1424 2057
1425 2059
1426 2060
1427 2061
1428 2062
1429 2064
1430 2066
1431 2067
1432 2068
1433 2069
1434 2072
1435 2074
1436 2075
1437 2076
1438 2081
1439 2082
1440 2084
1441 2086
1442 2089
1443 2090
1444 2093
1445 2095
1446 2096
1447 2097
1448 2103
1449 2104
1450 2106
1451 2109
1452 2110
1453 2114
1454 2117
1455 2123
1456 2131
1457 2134
1458 2136
1459 2142
1460 2151
1461 2157
1462 2162
1463 2164
1464 2166
1465 2167
1466 2170
1467 2172
1468 2176
1469 2177
1470 2179
1471 2180
1472 2188
1473 2189
1474 2191
1475 2192
1476 2194
1477 2195
1478 2202
1479 2203
1480 2204
1481 2206
1482 2207
1483 2212
1484 2214
1485 2217
1486 2219
1487 2221
1488 2222
1489 2223
1490 2227
1491 2233
1492 2234
1493 2241
1494 2244
1495 2246
1496 2249
1497 2251
1498 2252
1499 2254
1500 2255
1501 2256
1502 2257
1503 2258
1504 2259
1505 2262
1506 2264
1507 2268
1508 2270
1509 2272
1510 2275
1511 2276
1512 2278
1513 2279
1514 2280
1515 2281
1516 2284
1517 2286
1518 2287
1519 2288
1520 2290
1521 2291
1522 2294
1523 2295
1524 2296
1525 2297
1526 2298
1527 2299
1528 2304
1529 2305
1530 2307
1531 2308
1532 2310
1533 2311
1534 2312
1535 2313
1536 2316
1537 2322
1538 2324
1539 2326
1540 2327
1541 2328
1542 2330
1543 2332
1544 2333
1545 2334
1546 2335
1547 2336
1548 2337
1549 2340
1550 2341
1551 2344
1552 2345
1553 2346
1554 2347
1555 2352
1556 2359
1557 2361
1558 2365
1559 2370
1560 2372
1561 2374
1562 2378
1563 2380
1564 2381
1565 2384
1566 2387
1567 2388
1568 2390
1569 2397
1570 2399
1571 2400
1572 2401
1573 2404
1574 2422
1575 2423
1576 2425
1577 2429
1578 2430
1579 2433
1580 2435
1581 2439
1582 2440
1583 2441
1584 2442
1585 2443
1586 2452
1587 2456
1588 2460
1589 2461
1590 2469
1591 2471
1592 2474
1593 2476
1594 2477
1595 2487
1596 2488
1597 2490
1598 2492
1599 2495
1600 2496
1601 2497
1602 2501
1603 2508
1604 2509
1605 2513
1606 2518
1607 2521
1608 2522
1609 2524
1610 2525
1611 2526
1612 2528
1613 2531
1614 2533
1615 2535
1616 2537
1617 2538
1618 2539
1619 2541
1620 2543
1621 2544
1622 2545
1623 2547
1624 2548
1625 2549
1626 2550
1627 2551
1628 2554
1629 2555
1630 2556
1631 2559
1632 2560
1633 2562
1634 2564
1635 2566
1636 2569
1637 2570
1638 2572
1639 2575
1640 2576
1641 2577
1642 2578
1643 2581
1644 2582
1645 2584
1646 2586
1647 2587
1648 2590
1649 2591
1650 2595
1651 2596
1652 2597
1653 2599
1654 2602
1655 2603
1656 2604
1657 2607
1658 2609
1659 2610
1660 2611
1661 2612
1662 2613
1663 2615
1664 2616
1665 2618
1666 2619
1667 2621
1668 2622
1669 2623
1670 2624
1671 2628
1672 2629
1673 2631
1674 2632
1675 2633
1676 2635
1677 2637
1678 2638
1679 2641
1680 2642
1681 2645
1682 2647
1683 2649
1684 2650
1685 2651
1686 2656
1687 2657
1688 2658
1689 2662
1690 2664
1691 2665
1692 2667
1693 2670
1694 2671
1695 2672
1696 2673
1697 2680
1698 2683
1699 2688
1700 2697
1701 2699
1702 2705
1703 2706
1704 2708
1705 2709
1706 2710
1707 2711
1708 2712
1709 2713
1710 2714
1711 2715
1712 2716
1713 2717
1714 2718
1715 2719
1716 2722
1717 2724
1718 2725
1719 2728
1720 2729
1721 2731
1722 2732
1723 2733
1724 2734
1725 2738
1726 2739
1727 2741
1728 2742
1729 2743
1730 2745
1731 2746
1732 2747
1733 2748
1734 2749
1735 2750
1736 2751
1737 2752
1738 2753
1739 2755
1740 2756
1741 2759
1742 2761
1743 2762
1744 2764
1745 2767
1746 2768
1747 2769
1748 2771
1749 2772
1750 2773
1751 2774
1752 2781
1753 2786
1754 2787
1755 2788
1756 2789
1757 2792
1758 2796
1759 2801
1760 2802
1761 2806
1762 2807
1763 2808
1764 2809
1765 2812
1766 2816
1767 2821
1768 2822
1769 2824
1770 2830
1771 2833
1772 2835
1773 2844
1774 2846
1775 2848
1776 2849
1777 2850
1778 2851
1779 2852
1780 2853
1781 2854
1782 2856
1783 2858
1784 2861
1785 2864
1786 2868
1787 2870
1788 2874
1789 2875
1790 2877
1791 2878
1792 2879
1793 2881
1794 2882
1795 2883
1796 2884
1797 2885
1798 2888
1799 2889
1800 2890
1801 2891
1802 2893
1803 2894
1804 2895
1805 2896
1806 2897
1807 2898
1808 2899
1809 2900
1810 2901
1811 2902
1812 2903
1813 2907
1814 2908
1815 2910
1816 2911
1817 2912
1818 2913
1819 2914
1820 2916
1821 2917
1822 2918
1823 2920
1824 2922
1825 2923
1826 2925
1827 2926
1828 2927
1829 2930
1830 2931
1831 2932
1832 2933
1833 2934
1834 2935
1835 2936
1836 2937
1837 2938
1838 2939
1839 2940
1840 2941
1841 2942
1842 2944
1843 2945
1844 2947
1845 2948
1846 2949
1847 2952
1848 2954
1849 2955
1850 2956
1851 2957
1852 2958
1853 2960
1854 2961
1855 2962
1856 2963
1857 2964
1858 2965
1859 2966
1860 2967
1861 2968
1862 2969
1863 2972
1864 2973
1865 2974
1866 2975
1867 2976
1868 2979
1869 2980
1870 2981
1871 2983
1872 2985
1873 2987
1874 2988
1875 2989
1876 2990
1877 2991
1878 2992
1879 2994
1880 2996
1881 2997
1882 2999
1883 3000
1884 3001
1885 3002
1886 3007
1887 3008
1888 3009
1889 3010
1890 3012
1891 3015
1892 3017
1893 3019
1894 3020
1895 3022
1896 3023
1897 3024
1898 3030
1899 3034
1900 3035
1901 3038
1902 3039
1903 3040
1904 3042
1905 3043
1906 3050
1907 3055
1908 3061
1909 3063
1910 3066
1911 3068
1912 3069
1913 3071
1914 3072
1915 3073
1916 3074
1917 3076
1918 3077
1919 3079
1920 3080
1921 3081
1922 3084
1923 3085
1924 3089
1925 3092
1926 3093
1927 3094
1928 3097
1929 3098
1930 3100
1931 3101
1932 3103
1933 3104
1934 3105
1935 3112
1936 3115
1937 3116
1938 3118
1939 3120
1940 3121
1941 3122
1942 3125
1943 3127
1944 3129
1945 3130
1946 3131
1947 3134
1948 3135
1949 3136
1950 3137
1951 3141
1952 3142
1953 3143
1954 3144
1955 3146
1956 3148
1957 3151
1958 3152
1959 3153
1960 3155
1961 3156
1962 3157
1963 3161
1964 3163
1965 3164
1966 3170
1967 3173
1968 3174
1969 3177
1970 3179
1971 3181
1972 3182
1973 3183
1974 3184
1975 3186
1976 3196
1977 3199
1978 3205
1979 3213
1980 3215
1981 3217
1982 3222
1983 3223
1984 3224
1985 3232
1986 3235
1987 3236
1988 3237
1989 3239
1990 3240
1991 3241
1992 3243
1993 3244
1994 3245
1995 3246
1996 3247
1997 3249
1998 3250
1999 3251
2000 3253
2001 3254
2002 3256
2003 3260
2004 3261
2005 3262
2006 3263
2007 3266
2008 3267
2009 3269
2010 3270
2011 3271
2012 3272
2013 3273
2014 3275
2015 3278
2016 3282
2017 3284
2018 3287
2019 3288
2020 3289
2021 3294
2022 3296
2023 3298
2024 3299
2025 3300
2026 3302
2027 3303
2028 3304
2029 3305
2030 3307
2031 3308
2032 3310
2033 3316
2034 3318
2035 3319
2036 3320
2037 3321
2038 3322
2039 3323
2040 3324
2041 3325
2042 3326
2043 3328
2044 3329
2045 3330
2046 3331
2047 3332
2048 3333
2049 3334
2050 3336
2051 3337
2052 3339
2053 3341
2054 3345
2055 3346
2056 3347
2057 3348
2058 3349
2059 3351
2060 3353
2061 3355
2062 3356
2063 3358
2064 3359
2065 3360
2066 3361
2067 3363
2068 3364
2069 3366
2070 3368
2071 3369
2072 3370
2073 3371
2074 3372
2075 3373
2076 3374
2077 3375
2078 3376
2079 3377
2080 3379
2081 3380
2082 3382
2083 3383
2084 3384
2085 3385
2086 3386
2087 3387
2088 3388
2089 3389
2090 3390
2091 3391
2092 3392
2093 3393
2094 3394
2095 3395
2096 3396
2097 3397
2098 3398
2099 3399
2100 3400
2101 3404
2102 3406
2103 3408
2104 3409
2105 3410
2106 3413
2107 3415
2108 3417
2109 3420
2110 3426
2111 3429
2112 3430
2113 3437
2114 3442
2115 3445
2116 3446
2117 3447
2118 3448
2119 3453
2120 3454
2121 3456
2122 3457
2123 3458
2124 3459
2125 3460
2126 3461
2127 3462
2128 3463
2129 3465
2130 3467
2131 3469
2132 3472
2133 3473
2134 3484
2135 3486
2136 3488
2137 3491
2138 3492
2139 3493
2140 3494
2141 3495
2142 3497
2143 3498
2144 3502
2145 3513
2146 3514
2147 3515
2148 3517
2149 3520
2150 3524
2151 3528
2152 3531
2153 3533
2154 3536
2155 3542
2156 3544
2157 3545
2158 3546
2159 3550
2160 3559
2161 3560
2162 3561
2163 3564
2164 3566
2165 3570
2166 3571
2167 3576
2168 3577
2169 3578
2170 3580
2171 3582
2172 3584
2173 3585
2174 3589
2175 3591
2176 3597
2177 3598
2178 3599
2179 3602
2180 3604
2181 3608
2182 3609
2183 3610
2184 3611
2185 3612
2186 3613
2187 3615
2188 3616
2189 3617
2190 3620
2191 3621
2192 3622
2193 3624
2194 3626
2195 3627
2196 3628
2197 3630
2198 3633
2199 3636
2200 3641
2201 3642
2202 3644
2203 3645
2204 3646
2205 3652
2206 3653
2207 3658
2208 3660
2209 3661
2210 3664
2211 3665
2212 3670
2213 3671
2214 3673
2215 3674
2216 3676
2217 3678
2218 3680
2219 3682
2220 3685
2221 3687
2222 3689
2223 3690
2224 3691
2225 3693
2226 3696
2227 3697
2228 3698
2229 3700
2230 3701
2231 3704
2232 3705
2233 3708
2234 3711
2235 3712
2236 3713
2237 3714
2238 3715
2239 3717
2240 3718
2241 3719
2242 3720
2243 3722
2244 3724
2245 3726
2246 3728
2247 3729
2248 3730
2249 3731
2250 3732
2251 3734
2252 3736
2253 3743
2254 3744
2255 3745
2256 3747
2257 3748
2258 3751
2259 3752
2260 3753
2261 3759
2262 3764
2263 3770
2264 3771
2265 3774
2266 3775
2267 3777
2268 3782
2269 3784
2270 3790
2271 3793
2272 3794
2273 3796
2274 3797
2275 3804
2276 3805
2277 3806
2278 3807
2279 3808
2280 3811
2281 3817
2282 3819
2283 3820
2284 3825
2285 3826
2286 3829
2287 3830
2288 3832
2289 3838
2290 3839
2291 3840
2292 3845
2293 3846
2294 3848
2295 3849
2296 3851
2297 3852
2298 3854
2299 3855
2300 3856
2301 3857
2302 3858
2303 3859
2304 3860
2305 3861
2306 3862
2307 3863
2308 3864
2309 3865
2310 3867
2311 3872
2312 3873
2313 3875
2314 3876
2315 3877
2316 3878
2317 3879
2318 3880
2319 3881
2320 3885
2321 3890
2322 3894
2323 3896
2324 3898
2325 3901
2326 3903
2327 3904
2328 3905
2329 3906
2330 3908
2331 3910
2332 3911
2333 3913
2334 3914
2335 3916
2336 3917
2337 3919
2338 3920
2339 3924
2340 3928
2341 3929
2342 3930
2343 3931
2344 3932
2345 3933
2346 3936
2347 3937
2348 3938
2349 3939
2350 3940
2351 3941
2352 3942
2353 3943
2354 3946
2355 3947
2356 3948
2357 3949
2358 3950
2359 3953
2360 3956
2361 3958
2362 3959
2363 3964
2364 3965
2365 3967
2366 3968
2367 3971
2368 3972
2369 3973
2370 3974
2371 3975
2372 3976
2373 3977
2374 3978
2375 3979
2376 3980
2377 3984
2378 3986
2379 3987
2380 3988
2381 3989
2382 3990
2383 3992
2384 3994
2385 3995
2386 3997
2387 3998
2388 3999
2389 4000
2390 4001
2391 4002
2392 4006
2393 4007
2394 4008
2395 4009
2396 4010
2397 4011
2398 4012
2399 4013
2400 4014
2401 4015
2402 4016
2403 4017
2404 4018
2405 4019
2406 4020
2407 4021
2408 4023
2409 4025
2410 4026
2411 4027
2412 4028
2413 4029
2414 4030
2415 4033
2416 4034
2417 4037
2418 4038
2419 4039
2420 4040
2421 4041
2422 4042
2423 4043
2424 4045
2425 4046
2426 4047
2427 4048
2428 4049
2429 4050
2430 4051
2431 4053
2432 4054
2433 4055
2434 4056
2435 4057
2436 4059
2437 4061
2438 4062
2439 4063
2440 4067
2441 4069
2442 4072
2443 4074
2444 4075
2445 4076
2446 4077
2447 4078
2448 4081
2449 4082
2450 4083
2451 4085
2452 4086
2453 4087
2454 4089
2455 4090
2456 4091
2457 4092
2458 4093
2459 4097
2460 4099
2461 4100
2462 4101
2463 4105
2464 4106
2465 4107
2466 4108
2467 4109
2468 4110
2469 4111
2470 4112
2471 4113
2472 4115
2473 4116
2474 4118
2475 4119
2476 4120
2477 4124
2478 4125
2479 4126
2480 4127
2481 4128
2482 4129
2483 4130
2484 4131
2485 4132
2486 4133
2487 4134
2488 4135
2489 4140
2490 4141
2491 4142
2492 4143
2493 4144
2494 4145
2495 4147
2496 4148
2497 4149
2498 4150
2499 4153
2500 4154
2501 4155
2502 4157
2503 4158
2504 4159
2505 4160
2506 4161
2507 4162
2508 4166
2509 4167
2510 4168
2511 4183
2512 4188
2513 4189
2514 4190
2515 4191
2516 4192
2517 4193
2518 4194
2519 4195
2520 4196
2521 4197
2522 4198
2523 4199
2524 4200
2525 4201
2526 4202
2527 4203
2528 4204
2529 4206
2530 4209
2531 4214
2532 4215
2533 4216
2534 4218
2535 4219
2536 4235
2537 4237
2538 4238
2539 4239
2540 4242
2541 4247
2542 4248
2543 4249
2544 4252
2545 4256
2546 4264
2547 4265
2548 4271
2549 4274
2550 4276
2551 4278
2552 4279
2553 4285
2554 4286
2555 4291
2556 4292
2557 4297
2558 4300
2559 4301
2560 4302
2561 4304
2562 4305
2563 4306
2564 4308
2565 4309
2566 4312
2567 4314
2568 4315
2569 4317
2570 4318
2571 4319
2572 4320
2573 4322
2574 4325
2575 4326
2576 4327
2577 4328
2578 4330
2579 4331
2580 4334
2581 4336
2582 4338
2583 4341
2584 4345
2585 4347
2586 4348
2587 4349
2588 4350
2589 4352
2590 4353
2591 4354
2592 4355
2593 4356
2594 4357
2595 4358
2596 4359
2597 4362
2598 4363
2599 4364
2600 4365
2601 4367
2602 4368
2603 4369
2604 4371
2605 4373
2606 4374
2607 4375
2608 4377
2609 4380
2610 4381
2611 4385
2612 4386
2613 4389
2614 5404
2615 5407
2616 5409
2617 5410
2618 5411
2619 5412
2620 5414
2621 5415
2622 5416
2623 5417
2624 5418
2625 5419
2626 5420
2627 5421
2628 5422
2629 5423
2630 5424
2631 5425
2632 5428
2633 5429
2634 5430
2635 5431
2636 5432
2637 5433
2638 5434
2639 5435
2640 5436
2641 5437
2642 5438
2643 5439
2644 5440
2645 5442
2646 5443
2647 5444
2648 5445
2649 5446
2650 5447
2651 5448
2652 5449
2653 5454
2654 5455
2655 5457
2656 5461
2657 5463
2658 5473
2659 5474
2660 5475
2661 5476
2662 5477
2663 5479
2664 5485
2665 5487
2666 5488
2667 5492
2668 5495
2669 5497
2670 5498
2671 5502
2672 5503
2673 5511
2674 5523
2675 5524
2676 5526
2677 5527
2678 5529
2679 5534
2680 5545
2681 5552
2682 5553
2683 5554
2684 5555
2685 5556
2686 5557
2687 5562
2688 5564
2689 5566
2690 5567
2691 5568
2692 5569
2693 5571
2694 5572
2695 5580
2696 5581
2697 5582
2698 5583
2699 5584
2700 5585
2701 5586
2702 5587
2703 5588
2704 5589
2705 5591
2706 5593
2707 5595
2708 5597
2709 5599
2710 5601
2711 5612
2712 5613
2713 5630
2714 5632
2715 5633
2716 5637
2717 5641
2718 5642
2719 5643
2720 5645
2721 5652
2722 5653
2723 5665
2724 5670
2725 5671
2726 5672
2727 5673
2728 5674
2729 5675
2730 5680
2731 5686
2732 5687
2733 5688
2734 5691
2735 5692
2736 5693
2737 5694
2738 5695
2739 5696
2740 5697
2741 5699
2742 5701
2743 5702
2744 5703
2745 5709
2746 5712
2747 5716
2748 5718
2749 5721
2750 5723
2751 5726
2752 5728
2753 5730
2754 5731
2755 5733
2756 5736
2757 5737
2758 5738
2759 5739
2760 5740
2761 5741
2762 5742
2763 5744
2764 5747
2765 5748
2766 5749
2767 5753
2768 5757
2769 5758
2770 5761
2771 5763
2772 5767
2773 5769
2774 5770
2775 5771
2776 5772
2777 5774
2778 5777
2779 5780
2780 5787
2781 5793
2782 5794
2783 5796
2784 5798
2785 5799
2786 5800
2787 5801
2788 5802
2789 5804
2790 5805
2791 5807
2792 5809
2793 5810
2794 5811
2795 5832
2796 5837
2797 5840
2798 5842
2799 5844
2800 5847
2801 5848
2802 5852
2803 5857
2804 5859
2805 5861
2806 5862
2807 5864
2808 5865
2809 5884
2810 5885
2811 5889
2812 5890
2813 5891
2814 5892
2815 5893
2816 5894
2817 5895
2818 5896
2819 5897
2820 5898
2821 5899
2822 5900
2823 5901
2824 5902
2825 5903
2826 5904
2827 5905
2828 5906
2829 5908
2830 5909
2831 5910
2832 5911
2833 5912
2834 5914
2835 5915
2836 5916
2837 5917
2838 5918
2839 5919
2840 5920
2841 5921
2842 5924
2843 5925
2844 5927
2845 5928
2846 5930
2847 5931
2848 5932
2849 5933
2850 5934
2851 5935
2852 5936
2853 5937
2854 5939
2855 5940
2856 5941
2857 5942
2858 5943
2859 5949
2860 5951
2861 5952
2862 5954
2863 5955
2864 5957
2865 5958
2866 5959
2867 5960
2868 5961
2869 5963
2870 5965
2871 5967
2872 5969
2873 5979
2874 5980
2875 5984
2876 5994
2877 5996
2878 5997
2879 5998
2880 5999
2881 6000
2882 6001
2883 6003
2884 6005
2885 6006
2886 6007
2887 6008
2888 6011
2889 6012
2890 6013
2891 6016
2892 6018
2893 6019
2894 6021
2895 6022
2896 6023
2897 6024
2898 6025
2899 6026
2900 6034
2901 6036
2902 6037
2903 6038
2904 6039
2905 6040
2906 6045
2907 6046
2908 6047
2909 6051
2910 6052
2911 6053
2912 6054
2913 6055
2914 6056
2915 6058
2916 6066
2917 6067
2918 6069
2919 6072
2920 6073
2921 6079
2922 6080
2923 6083
2924 6084
2925 6085
2926 6086
2927 6088
2928 6089
2929 6090
2930 6092
2931 6093
2932 6094
2933 6095
2934 6098
2935 6103
2936 6105
2937 6106
2938 6109
2939 6114
2940 6118
2941 6119
2942 6121
2943 6122
2944 6124
2945 6125
2946 6129
2947 6132
2948 6133
2949 6134
2950 6135
2951 6136
2952 6137
2953 6138
2954 6139
2955 6140
2956 6141
2957 6142
2958 6143
2959 6146
2960 6147
2961 6148
2962 6149
2963 6150
2964 6151
2965 6152
2966 6153
2967 6154
2968 6156
2969 6157
2970 6159
2971 6160
2972 6162
2973 6164
2974 6165
2975 6166
2976 6168
2977 6169
2978 6172
2979 6173
2980 6174
2981 6176
2982 6179
2983 6180
2984 6182
2985 6183
2986 6184
2987 6185
2988 6186
2989 6187
2990 6188
2991 6189
2992 6191
2993 6192
2994 6193
2995 6194
2996 6195
2997 6197
2998 6198
2999 6204
3000 6209
3001 6212
3002 6223
3003 6235
3004 6237
3005 6240
3006 6241
3007 6242
3008 6243
3009 6245
3010 6248
3011 6249
3012 6253
3013 6255
3014 6256
3015 6258
3016 6260
3017 6262
3018 6265
3019 6266
3020 6267
3021 6268
3022 6269
3023 6270
3024 6271
3025 6276
3026 6278
3027 6281
3028 6286
3029 6287
3030 6289
3031 6294
3032 6295
3033 6296
3034 6297
3035 6298
3036 6301
3037 6302
3038 6303
3039 6304
3040 6307
3041 6309
3042 6310
3043 6312
3044 6314
3045 6315
3046 6316
3047 6317
3048 6318
3049 6319
3050 6320
3051 6321
3052 6322
3053 6324
3054 6325
3055 6329
3056 6333
3057 6334
3058 6337
3059 6338
3060 6341
3061 6342
3062 6343
3063 6344
3064 6345
3065 6346
3066 6347
3067 6348
3068 6349
3069 6350
3070 6351
3071 6352
3072 6353
3073 6354
3074 6355
3075 6356
3076 6357
3077 6358
3078 6359
3079 6360
3080 6361
3081 6363
3082 6365
3083 6366
3084 6367
3085 6368
3086 6370
3087 6371
3088 6372
3089 6373
3090 6374
3091 6375
3092 6376
3093 6377
3094 6378
3095 6379
3096 6380
3097 6381
3098 6382
3099 6383
3100 6384
3101 6385
3102 6386
3103 6387
3104 6388
3105 6390
3106 6391
3107 6392
3108 6393
3109 6394
3110 6395
3111 6396
3112 6397
3113 6398
3114 6399
3115 6400
3116 6401
3117 6402
3118 6403
3119 6404
3120 6406
3121 6407
3122 6408
3123 6409
3124 6410
3125 6411
3126 6412
3127 6413
3128 6414
3129 6426
3130 6427
3131 6428
3132 6429
3133 6430
3134 6431
3135 6432
3136 6433
3137 6434
3138 6435
3139 6443
3140 6448
3141 6449
3142 6456
3143 6457
3144 6460
3145 6463
3146 6466
3147 6476
3148 6477
3149 6485
3150 6492
3151 6493
3152 6505
3153 6510
3154 6712
3155 6715
3156 6717
3157 6718
3158 6719
3159 6721
3160 6722
3161 6723
3162 6724
3163 6725
3164 6729
3165 6730
3166 6731
3167 6732
3168 6733
3169 6735
3170 6738
3171 6739
3172 6740
3173 6742
3174 6743
3175 6744
3176 6747
3177 6748
3178 6749
3179 6750
3180 6752
3181 6753
3182 6755
3183 6758
3184 6760
3185 6763
3186 6765
3187 6766
3188 6768
3189 6771
3190 6772
3191 6773
3192 6776
3193 6777
3194 6778
3195 6779
3196 6780
3197 6782
3198 6783
3199 6788
3200 6789
3201 6790
3202 6792
3203 6793
3204 6794
3205 6795
3206 6803
3207 6814
3208 6825
3209 6839
3210 6880
3211 6881
3212 6883
3213 6919
3214 6924
3215 6926
3216 6940
3217 6943
3218 6944
3219 6945
3220 6946
3221 6954
3222 6955
3223 6959
3224 6960
3225 6962
3226 6963
3227 6969
3228 6972
3229 6989
3230 7002
3231 7003
3232 7018
3233 7029
3234 7041
3235 7056
3236 7065
3237 7066
3238 7067
3239 7068
3240 7070
3241 7071
3242 7073
3243 7078
3244 7082
3245 7083
3246 7087
3247 7088
3248 7093
3249 7094
3250 7095
3251 7096
3252 7097
3253 7099
3254 7102
3255 7107
3256 7108
3257 7111
3258 7113
3259 7114
3260 7117
3261 7118
3262 7121
3263 7122
3264 7128
3265 7135
3266 7136
3267 7137
3268 7138
3269 7142
3270 7144
3271 7145
3272 7146
3273 7147
3274 7153
3275 7154
3276 7155
3277 7157
3278 7158
3279 7159
3280 7160
3281 7161
3282 7162
3283 7163
3284 7164
3285 7165
3286 7167
3287 7168
3288 7172
3289 7173
3290 7176
3291 7177
3292 7178
3293 7179
3294 7180
3295 7181
3296 7182
3297 7183
3298 7184
3299 7185
3300 7186
3301 7187
3302 7188
3303 7190
3304 7191
3305 7192
3306 7193
3307 7194
3308 7195
3309 7196
3310 7201
3311 7202
3312 7203
3313 7205
3314 7206
3315 7207
3316 7208
3317 7212
3318 7213
3319 7216
3320 7217
3321 7218
3322 7242
3323 7247
3324 7252
3325 7255
3326 7275
3327 7287
3328 7288
3329 7310
3330 7313
3331 7317
3332 7355
3333 7356
3334 7358
3335 7359
3336 7364
3337 7367
3338 7368
3339 7369
3340 7370
3341 7372
3342 7373
3343 7374
3344 7375
3345 7376
3346 7380
3347 7382
3348 7383
3349 7384
3350 7394
3351 7395
3352 7398
3353 7399
3354 7407
3355 7417
3356 7424
3357 7447
3358 7450
3359 7453
3360 7456
3361 7457
3362 7470
3363 7478
3364 7479
3365 7490
3366 7503
3367 7504
3368 7505
3369 7506
3370 7508
3371 7519
3372 7527
3373 7528
3374 7530
3375 7532
3376 7534
3377 7546
3378 7547
3379 7558
3380 7562
3381 7563
3382 7577
3383 7579
3384 7584
3385 7616
3386 7617
3387 7618
3388 7634
3389 7642
3390 7669
3391 7695
3392 7774
3393 7798
3394 7821
3395 7862
3396 7894
3397 7895
3398 7898
3399 7901
3400 7932
3401 7962
3402 7976
3403 7987
3404 8043
3405 8076
3406 8082
3407 8130
3408 8170
3409 8173
3410 8174
3411 8180
3412 8199
3413 8200
3414 8201
3415 8202
3416 8203
3417 8204
3418 8206
3419 8207
3420 8208
3421 8209
3422 8217
3423 8223
3424 8225
3425 8235
3426 8237
3427 8238
3428 8239
3429 8240
3430 8241
3431 8242
3432 8243
3433 8244
3434 8247
3435 8256
3436 8258
3437 8259
3438 8266
3439 8381
3440 8401
3441 8407
3442 8414
3443 8417
3444 8428
3445 8492
3446 8628
3447 8630
3448 8740
3449 8774
3450 8775
3451 8781
3452 8782
3453 8826
3454 8832
3455 8845
3456 8858
3457 8876
3458 8892
3459 8921
3460 8944
3461 8949
3462 8961
3463 8962
3464 8979
3465 9025
3466 9026
3467 9043
3468 9044
3469 9045
3470 9090
3471 9107
3472 9135
3473 9229
3474 9272
3475 9273
3476 9310
3477 9311
3478 9327
