6
8
12
15
17
18
20
27
35
47
52
58
63
70
79
86
91
99
101
104
121
122
123
131
139
144
153
154
155
159
168
169
177
178
185
190
191
192
194
200
209
217
226
227
229
230
237
250
253
259
270
273
279
280
289
292
293
299
303
307
310
342
360
361
362
389
402
407
414
417
430
431
444
447
452
459
462
467
471
474
476
477
494
496
499
501
508
514
515
516
517
519
520
530
534
536
537
294
397
465
322
351
460
32
110
142
202
287
470
37
311
317
356
40
2
306
340
22
9
453
62
331
74
260
296
318
89
137
412
408
224
403
506
522
282
458
48
422
298
157
239
529
33
245
300
433
365
290
503
383
533
354
261
65
492
134
196
532
111
240
500
84
274
23
105
423
475
463
466
53
232
172
198
199
438
1
10
92
94
54
112
119
208
244
314
327
442
451
454
480
133
103
107
163
427
5
11
49
64
117
126
140
197
225
304
329
16
51
325
510
106
68
130
25
60
77
80
149
158
165
184
220
285
321
333
345
400
405
420
443
455
513
518
69
210
241
242
263
90
171
234
425
82
338
43
115
379
44
56
61
72
102
129
175
213
235
247
278
346
348
350
352
380
429
437
481
512
539
26
100
109
118
143
146
167
201
291
308
312
316
336
385
395
406
445
509
527
531
535
216
55
148
382
156
487
124
456
464
491
78
161
378
295
59
76
349
498
502
511
528
71
272
468
375
31
41
67
113
162
188
268
374
457
504
507
526
373
416
524
267
384
138
266
114
436
469
88
315
472
483
39
42
207
228
238
248
283
302
353
392
489
523
538
73
236
275
358
50
95
286
486
271
319
432
461
376
93
147
251
320
326
337
359
377
415
424
434
440
446
488
222
223
233
482
256
334
390
421
97
183
332
368
371
381
410
428
435
441
478
479
484
493
497
521
525
81
125
150
176
243
257
284
330
369
370
398
418
448
449
495
505
215
7
116
206
328
141
364
372
57
127
387
30
128
189
219
343
344
388
136
288
34
203
254
396
211
485
38
66
204
357
297
24
108
164
166
309
394
450
214
132
179
19
36
45
85
98
269
363
386
413
473
490
14
21
75
83
120
180
182
187
195
281
305
335
339
341
347
366
411
4
29
87
135
170
174
181
212
246
249
258
262
277
301
391
404
46
151
152
160
186
193
264
265
276
409
419
3
28
173
255
355
13
96
145
218
221
252
313
323
324
367
393
399
426
205
231
401
439
