565
570
598
602
631
643
645
646
647
649
650
651
652
654
655
656
657
658
659
660
661
662
663
666
668
669
677
678
685
690
697
709
715
716
718
720
722
723
725
727
728
729
730
732
733
736
738
739
742
762
794
799
800
801
813
815
825
826
828
850
858
859
865
868
869
871
875
876
879
887
893
894
895
946
969
973
979
980
981
994
995
996
997
998
999
1000
1001
1002
1003
1004
1006
1007
1010
1011
1020
1021
1024
1026
1027
1033
1053
1056
1057
1059
1067
1070
1071
1081
1083
1090
1091
1098
1108
1117
1120
1121
1131
1133
1136
1141
1142
1145
1151
1153
1155
1159
1165
1168
1180
1195
1197
1203
1206
1207
1220
1225
1226
1228
1229
1230
1231
1233
1234
1235
1236
1238
1264
1268
1270
1420
1422
1427
1428
1430
1432
1436
1437
1438
1440
1441
1442
1444
1445
1452
1475
1478
1479
1480
1483
1484
1485
1487
1488
1490
1491
1494
1497
1499
1500
1502
1503
1508
1516
1536
1541
1553
1557
1558
1561
1563
1799
1803
1816
1821
1830
1841
1846
1850
1851
1862
1880
1882
1884
1885
1888
1889
1890
1893
1895
1896
1902
1907
1911
1913
1916
1919
1920
1922
1923
1925
1927
1928
1931
1932
1933
1941
1943
1944
1945
1964
2010
2026
2113
2116
2129
2132
2139
2142
2145
2162
2171
2172
2185
2186
2201
2206
2207
2213
2218
2228
2229
2233
2236
2238
2240
2241
2248
2250
2252
2260
2263
2266
2268
2269
2289
2292
2293
2294
2297
2312
2317
2349
2355
2358
2361
2364
2371
2372
2374
2375
2392
2398
2401
2408
2411
2418
2424
2428
2429
2440
2441
2471
2472
2482
2488
2501
2505
2511
2512
2517
2518
2519
2521
2545
2546
2550
2570
2573
2590
2591
2605
2612
2681
2682
2683
2684
2685
2686
2707
2710
2722
2724
2725
2726
2730
2731
2733
2739
2740
2741
2742
2743
2745
2748
2756
2758
2767
2780
2782
2788
2790
2842
2843
2854
2855
2856
2857
2858
2859
2860
2862
2884
2885
2886
2923
2924
2925
2927
2937
2939
2941
2943
2944
2945
2956
2959
2961
2964
2966
2967
2969
2972
2973
2974
2975
2978
2980
2981
2982
2983
2984
3013
3081
3088
3089
3090
3094
3104
3112
3129
3146
3149
3184
3188
3190
3201
3210
3216
3223
3230
3231
3234
3262
3263
3355
3358
3362
3368
3372
3373
3379
3407
3421
3439
3445
3448
3449
3450
3453
3459
3472
696
747
769
772
779
798
844
848
857
964
1048
1075
1087
1128
1140
1143
1154
1214
2368
2514
2708
2935
2938
1797
1798
2124
2126
2137
2150
2151
2156
2158
2161
2163
2166
2170
2175
2176
2180
2184
2209
2211
2222
2230
2231
2234
2244
2253
2254
2255
2270
2275
2286
2300
2306
2313
2357
2404
2409
2410
2419
2422
2427
2462
2470
2481
2495
2547
2548
2551
2553
2554
2582
2583
2747
2749
2750
2751
2752
2753
2755
2757
2759
2763
2764
2765
2766
2768
2770
2771
2772
2773
2774
2775
2777
2778
2866
2872
2946
2947
2950
3142
3171
3206
3207
3208
3211
3212
3229
3232
3236
3237
3238
3239
3240
3241
3242
3243
3383
3384
3390
559
561
576
580
581
597
625
626
1384
1417
1498
1523
1525
1549
1550
1551
1835
1864
1870
1937
1938
1980
1984
1985
1987
1994
2005
2008
2011
2034
2046
2056
2115
2157
2232
2273
2333
2448
2490
2491
2492
2809
2878
2934
2940
2963
3001
3034
3043
3045
3086
3087
3214
3363
3364
3452
3460
1272
1279
1281
1361
1362
1581
1583
1598
1606
1674
1751
1788
1792
2148
2174
2181
2193
2478
2563
2567
3331
3338
3339
3340
3343
3349
3428
3429
3430
3432
3433
3437
891
941
1831
1914
1915
983
984
2190
2600
648
689
1123
3150
2006
2434
1383
2810
1644
3354
2016
2331
636
1127
1030
1034
1035
2744
961
970
971
2507
2723
1028
2365
2366
2791
2792
1038
1041
1380
1381
1869
2446
2965
1582
1595
1596
1602
1603
3193
2464
2465
687
688
691
3140
3141
2477
2535
861
867
2706
2049
3020
3051
3018
3023
3032
3033
3046
1471
1473
3462
3463
1382
1496
2445
693
699
760
1116
1189
1239
1241
1201
1202
1204
731
735
737
741
846
852
854
855
856
862
863
2709
1979
1982
1983
1988
2390
2997
2998
1742
1747
1749
2541
2914
2915
2552
2653
2654
3145
3233
3327
3328
949
950
951
952
953
954
955
956
957
958
959
2721
1820
1822
1823
1855
2594
2595
2601
2607
2926
1211
1212
1215
1217
1218
1222
2781
2245
2754
2951
3143
3244
3245
3408
3409
3410
1875
2597
2602
2603
2604
2608
2953
2954
2955
2957
2970
3444
1969
2022
2023
2025
2029
2030
2103
2399
2279
3270
3271
3272
3273
3313
2039
3004
3005
3008
3009
3010
3015
3016
3017
3027
3028
3039
3041
3049
3052
3054
3055
3056
3264
771
2688
2689
2690
2691
2692
2693
2152
3280
3281
3282
3283
3284
3285
3286
3287
3288
3289
3290
584
635
2656
2658
2659
2664
2666
2667
2671
2672
3200
3324
3422
556
586
589
616
638
642
3325
2138
2226
2761
2867
2868
2869
3265
3266
3267
3268
3269
671
672
673
674
675
676
681
682
683
3165
3228
1407
1408
1409
1410
1411
1412
1413
2839
2840
2841
1005
1012
1013
1014
1015
1016
1018
1019
2732
2735
2736
2737
2738
3191
3356
3402
2108
2109
2262
2288
3154
3156
3160
3164
3209
3255
3256
3257
3258
3259
3261
3316
3322
546
547
548
549
550
551
552
554
2385
2386
2542
2642
2643
2644
2645
2646
2647
2648
2649
2650
2651
2652
3389
3420
3446
749
1184
1825
1826
1827
1829
1833
1834
1837
1847
1849
1852
1853
1854
1863
1865
1877
2469
2557
2585
2589
2599
2606
2694
2930
2931
2932
2933
2942
2952
2958
2960
2962
2968
2971
3466
1340
1342
2797
2863
2864
2865
3198
3397
3399
3401
3417
3418
3419
890
900
901
902
903
904
905
906
907
908
909
910
911
912
913
914
915
916
555
557
560
562
563
564
566
567
568
569
571
572
573
574
575
577
578
579
583
585
588
590
591
592
593
596
599
600
601
603
604
605
606
607
609
610
611
612
613
615
621
622
627
628
629
632
634
637
640
2537
2538
2539
2657
2663
2665
2668
2669
2670
2673
2675
2676
2677
2678
2679
3424
2110
2111
2125
2183
2196
2210
2265
2272
2298
2304
2309
2870
2871
2949
3157
3173
3185
3186
3187
3246
3254
3274
3275
3276
3277
3278
3279
3308
3309
3311
3312
3315
3323
2112
2178
2611
3224
3248
3249
3250
3251
3252
3253
3310
3314
3317
3318
3319
3320
3321
3412
3413
3414
3415
3416
1406
2540
2815
2816
2817
2818
2819
2820
2821
2822
2823
2824
2825
2826
2827
2828
2829
2830
2831
2832
2833
2834
2835
2836
2837
2838
3189
2106
2187
2225
3155
3158
3159
3161
3162
3163
3182
3247
3260
3291
3292
3293
3294
3295
3296
3297
3298
3299
3300
3301
3302
3303
3304
3305
3306
3307
664
692
872
873
874
878
880
881
882
883
884
885
886
888
889
896
897
898
899
917
918
919
920
921
922
923
924
925
926
927
928
930
931
932
933
934
935
936
937
938
939
943
944
945
947
960
986
987
988
989
990
991
992
2463
2711
2712
2713
2714
2715
2716
2717
2718
2719
2720
2728
2729
3194
3195
3388
1447
1448
1449
1450
1451
1454
1455
1456
1457
1458
1459
1460
1463
1464
1465
2746
2844
2845
2846
2847
2848
2849
2851
2852
3176
3177
3178
3377
3378
553
802
805
806
807
808
809
810
811
812
814
816
819
820
821
822
823
824
829
830
831
832
834
835
2544
2574
2575
2576
2577
2584
2587
2588
2613
2695
2696
2697
2698
2699
2700
2701
2702
2703
2704
1377
1378
1386
1387
1388
1389
1390
1391
1392
1393
1394
1395
1396
1397
1398
1399
1400
1401
1402
1403
1404
1405
2444
2805
2806
2807
2808
2811
2812
2813
2814
3215
3360
540
541
542
543
544
545
2443
2614
2615
2616
2617
2618
2619
2620
2621
2622
2623
2624
2625
2626
2627
2628
2629
2630
2631
2632
2633
2634
2635
2636
2637
2638
2639
2640
2641
2873
2874
2875
3183
3213
3385
3386
3387
940
1425
1426
1433
1474
1477
1486
1819
1860
1861
1873
1879
1883
1886
1887
1891
1892
1894
1897
1898
1901
1903
1904
1905
1906
1908
1909
1910
1912
1921
1924
1929
1930
1934
1935
1946
1947
1948
1949
1950
1951
1952
1953
1954
1955
1956
1957
1958
1959
1960
2363
2370
2377
2474
2536
2549
2598
2734
2850
2853
2936
2976
2977
2979
2985
2986
2987
3139
3192
3380
3381
3392
3425
3458
3461
3473
1341
783
1273
1274
1278
1280
1282
1283
1287
1288
1291
1292
1293
1297
1304
1305
1308
1309
1311
1315
1316
1317
1322
1325
1329
1330
1331
1333
1335
1347
1356
1358
1365
1366
1367
1368
1371
1372
1375
1376
1588
1589
1591
1593
1597
1600
1607
1614
1620
1626
1630
1639
1640
1647
1648
1649
1656
1671
1687
1688
1693
1694
1695
1697
1698
1700
1703
1704
1705
1706
1707
1709
1710
1711
1720
1730
1733
1734
1738
1740
1756
1757
1762
1763
1768
1771
1772
1773
1774
1776
1780
1783
1785
1787
1805
1807
1810
2531
2532
2662
2793
2794
2801
2803
2900
2904
2906
2907
2909
2910
2911
2920
3172
3179
3199
3333
3334
3337
3341
3342
3344
3346
3348
3350
3352
3353
3391
3411
3431
1350
1586
1605
1662
1675
1676
1638
1645
1657
1658
1363
1364
1370
1373
2243
2804
1290
1312
1323
1324
1328
1334
1271
1351
1338
1343
1750
1767
1769
1777
1779
1782
1784
1794
2561
2919
1619
1629
1651
1654
1655
1660
2905
2918
3148
1741
1743
1745
1746
1790
1795
1796
1801
1812
2921
2922
1809
1791
1793
1802
1813
3144
1679
1680
1681
1682
1683
1684
1685
1686
1689
1690
1691
1692
2566
608
1275
1276
1277
1284
1285
1286
1289
1296
1298
1299
1302
1303
1307
1310
1314
1318
1319
1321
1326
1336
1337
1339
1352
1353
1354
1355
1359
1360
1369
1374
1584
1585
1587
1590
1592
1594
1599
1601
1604
1608
1609
1610
1611
1612
1613
1615
1616
1617
1618
1621
1622
1623
1624
1625
1627
1628
1631
1632
1633
1635
1636
1637
1641
1642
1643
1646
1650
1652
1653
1659
1661
1663
1664
1665
1666
1667
1668
1669
1670
1672
1673
1677
1678
1701
1702
1708
1712
1713
1714
1715
1716
1717
1718
1719
1721
1722
1723
1724
1725
1726
1727
1728
1729
1731
1732
1735
1737
1739
1744
1748
1753
1754
1755
1758
1760
1764
1765
1766
1770
1775
1781
1786
1789
1800
1808
1811
2188
2314
2380
2437
2457
2479
2530
2543
2562
2661
2795
2796
2798
2802
2901
2902
2903
2912
2913
2916
2917
3169
3219
3329
3330
3335
3336
3345
3347
3351
3374
3375
3376
3393
3426
3427
3434
3435
3436
1294
1295
1300
1301
1306
1313
1320
1327
1736
3332
1357
1696
1699
1778
2908
1345
1346
1348
1349
2799
3166
3167
1344
2800
1752
1759
1761
1804
1806
2024
3053
1832
2452
2504
3205
558
582
594
595
614
618
619
641
1379
1414
1418
1514
1517
1519
1520
1521
1522
1524
1526
1527
1531
1532
1533
1534
1538
1540
1543
1544
1546
1547
1548
1552
1555
1560
1567
1568
1569
1571
1572
1573
1575
1577
1580
1965
1966
1967
1968
1971
1972
1973
1974
1975
1995
1996
1999
2001
2002
2015
2017
2018
2019
2021
2032
2037
2040
2043
2044
2045
2047
2051
2052
2053
2054
2055
2057
2058
2060
2061
2062
2063
2065
2104
2107
2246
2290
2321
2322
2327
2329
2332
2341
2344
2345
2346
2347
2348
2382
2388
2389
2396
2430
2438
2455
2484
2485
2486
2487
2489
2500
2502
2503
2510
2523
2525
2529
2534
2558
2571
2572
2655
2876
2877
2879
2880
2881
2882
2888
2890
2895
2896
2898
2988
2990
2992
2993
2994
2995
3000
3003
3006
3011
3012
3014
3019
3022
3024
3025
3029
3030
3031
3035
3036
3037
3040
3042
3044
3047
3048
3057
3058
3168
3202
3203
3204
3326
3382
3470
3002
2013
2027
2031
2323
2330
2020
2328
2059
2064
2066
3021
3050
1899
1900
1981
1986
1989
2458
1936
1939
1976
1977
2449
2499
2989
2991
2996
3060
3078
3084
3361
1515
1529
1530
1535
1542
2353
587
617
620
623
633
1385
1495
1528
1556
1565
1566
1570
1574
1576
1578
1579
1940
1962
1990
1991
1992
1993
1997
1998
2000
2003
2004
2007
2009
2012
2014
2035
2041
2048
2067
2296
2324
2325
2326
2334
2335
2336
2337
2338
2339
2340
2384
2391
2524
2526
2527
2528
2555
2610
2674
2680
2889
2891
2892
2893
2894
2897
2899
2999
3026
3038
3059
3170
3405
3423
3440
624
630
1518
1537
1545
1554
2121
2146
2179
2352
3147
1415
1416
1419
2036
2038
2042
2050
2350
3007
1501
1828
1836
2079
2096
2097
2098
2343
2494
2496
2513
2559
2564
2580
3063
3068
3069
3072
3073
3077
3079
3082
3085
3091
3093
3097
3098
3109
3110
3113
3116
3119
3120
3122
3123
3125
3126
3127
3128
3132
3135
3136
3138
3174
3175
3180
3220
3221
3222
3226
3369
3370
3371
3395
3403
3406
3441
3443
3455
3456
3476
1504
1505
1506
1509
1510
1512
1559
1562
1564
1963
1970
2069
2089
2091
2432
2433
2459
2883
2887
3062
3065
3067
3083
3103
3111
3117
3124
3217
3367
3396
3400
3451
3464
1507
1511
2070
2071
2073
2074
2075
2076
2077
2078
2080
2082
2083
2084
2085
2086
2087
2088
2090
2092
2093
2094
2095
2099
2100
2101
2414
2415
2451
2466
2467
2468
2476
2493
2497
2560
2609
2660
3061
3064
3066
3070
3071
3074
3075
3076
3080
3092
3095
3096
3099
3100
3101
3102
3105
3106
3107
3108
3114
3115
3118
3121
3130
3131
3133
3134
3137
3218
3366
3398
3404
3447
3457
3465
3471
3477
2120
2122
2128
2133
2135
2149
2169
2177
2182
2192
2195
2199
2200
2205
2208
2215
2220
2224
2247
2259
2264
2267
2276
2277
2280
2282
2283
2284
2285
2291
2299
2301
2302
2307
2310
2311
2318
2354
2356
2397
2402
2406
2407
2416
2420
2439
2453
2454
2461
2473
2480
2533
2581
2593
2760
2762
2769
2776
2948
3225
2118
2130
2141
2154
2168
2203
2227
2242
2278
2308
1332
2114
2117
2119
2123
2127
2136
2143
2144
2147
2153
2155
2160
2164
2165
2173
2189
2191
2194
2197
2198
2202
2204
2214
2216
2217
2219
2221
2223
2235
2239
2251
2256
2257
2258
2261
2271
2281
2295
2303
2305
2315
2319
2393
2394
2395
2400
2403
2405
2412
2417
2421
2423
2425
2426
2442
2450
2460
2509
2556
2586
2592
2596
3152
3235
2249
2316
700
702
717
734
740
743
745
763
766
767
778
785
787
792
795
818
833
839
841
851
853
860
864
972
975
976
982
1039
1045
1046
1047
1052
1061
1073
1077
1078
1082
1084
1086
1088
1089
1093
1094
1096
1099
1103
1104
1105
1109
1110
1113
1118
1122
1124
1125
1126
1129
1130
1135
1137
1144
1146
1157
1161
1163
1178
1179
1183
1192
1193
1196
1199
1208
1216
1223
2515
2565
2705
2727
3151
3153
3454
3478
963
968
1172
1185
1166
1167
768
775
1043
1065
1132
1148
2456
719
838
1842
3394
750
756
757
758
764
773
780
1115
1076
1079
1106
1114
1119
695
714
744
751
752
754
770
774
777
781
782
786
789
791
793
827
836
837
840
843
849
962
966
967
974
978
1044
1050
1051
1058
1062
1066
1072
1074
1085
1092
1095
1100
1107
1134
1138
1149
1150
1152
1160
1162
1169
1170
1171
1174
1182
1187
1191
1213
1219
1269
2360
2378
2508
2516
2520
2522
2687
3357
3442
847
870
1139
1147
755
765
679
708
711
713
721
724
746
788
804
929
942
948
1017
1029
1036
1040
1054
1069
1181
1227
1246
1247
1248
1250
1251
1257
1260
1261
1263
1266
1421
1423
1431
1443
1446
1453
1461
1462
1467
1476
1481
1482
1489
1492
1843
1866
1874
1876
1878
1917
1942
2342
2362
2367
2373
2376
2379
2383
2447
2483
2498
2569
2579
2783
2784
2785
2786
2787
2928
2929
3181
3197
3359
3365
3467
3469
3474
3475
665
667
670
680
684
694
701
703
704
705
707
710
712
748
759
776
784
790
796
803
877
892
985
993
1031
1032
1037
1055
1063
1064
1080
1097
1102
1156
1158
1173
1175
1176
1186
1190
1198
1200
1209
1210
1237
1242
1252
1265
1267
1424
1468
1513
1634
1881
1918
1926
1961
2105
2134
2237
2274
2287
2320
2359
2431
2436
2475
2506
644
653
845
1022
1025
1249
1258
1262
1435
1466
1469
1818
1844
1848
1859
1868
2578
2789
2861
3196
3227
3438
686
817
842
965
977
1009
1023
1042
1068
1164
1177
1194
1205
1221
1224
1232
1243
1244
1253
1254
1434
1470
1539
1817
1838
1858
2081
2351
2369
2435
2779
639
1060
1472
1872
1978
2028
2033
2068
2167
2212
2387
2413
698
706
726
753
761
797
866
1008
1049
1101
1111
1240
1245
1255
1256
1259
1429
1439
1493
1814
1815
1824
1839
1840
1856
1857
1867
1871
2072
2102
2131
2140
2159
2381
3468
1112
1188
1845
2568
